xof 0303txt 0032

template AnimTicksPerSecond {
  <9E415A43-7BA6-4a73-8743-B73D47E88476>
  DWORD AnimTicksPerSecond;
}

template XSkinMeshHeader {
  <3cf169ce-ff7c-44ab-93c0-f78f62d172e2>
  WORD nMaxSkinWeightsPerVertex;
  WORD nMaxSkinWeightsPerFace;
  WORD nBones;
}

template SkinWeights {
  <6f0d123b-bad2-4167-a0d0-80224f25fabb>
  STRING transformNodeName;
  DWORD nWeights;
  array DWORD vertexIndices[nWeights];
  array float weights[nWeights];
  Matrix4x4 matrixOffset;
}

Frame Root {
  FrameTransformMatrix {
     1.000000, 0.000000, 0.000000, 0.000000,
     0.000000,-0.000000, 1.000000, 0.000000,
     0.000000, 1.000000, 0.000000, 0.000000,
     0.000000, 0.000000, 0.000000, 1.000000;;
  }
  Frame Armature {
    FrameTransformMatrix {
       0.010000, 0.000000, 0.000000, 0.000000,
       0.000000,-0.000000, 0.010000, 0.000000,
       0.000000,-0.010000,-0.000000, 0.000000,
       0.000000, 0.000000, 0.000000, 1.000000;;
    }
    Frame Armature_root {
      FrameTransformMatrix {
        -0.119129, 0.992644, 0.021614, 0.000000,
         0.793272, 0.108249,-0.599167, 0.000000,
        -0.597099,-0.054233,-0.800332, 0.000000,
        -0.466702,86.297729,-0.498899, 1.000000;;
      }
      Frame Armature_B_R_cloth {
        FrameTransformMatrix {
          -0.967212, 0.182248, 0.176879, 0.000000,
           0.253580, 0.654439, 0.712326, 0.000000,
           0.014064, 0.733823,-0.679195, 0.000000,
           3.482685, 9.731852, 6.934723, 1.000000;;
        }
        Frame Armature_B_R_cloth_b {
          FrameTransformMatrix {
             0.972325, 0.096804,-0.212635, 0.000000,
            -0.141880, 0.967738,-0.208214, 0.000000,
             0.185619, 0.232620, 0.954690, 0.000000,
            22.160065, 0.000004, 0.000001, 1.000000;;
          }
        } // End of Armature_B_R_cloth_b
      } // End of Armature_B_R_cloth
      Frame Armature_F_L_cloth {
        FrameTransformMatrix {
           0.934402, 0.043684, 0.353532, 0.000000,
          -0.351089,-0.054910, 0.934731, 0.000000,
           0.060246,-0.997535,-0.035971, 0.000000,
           4.741302,-6.382545,-8.271769, 1.000000;;
        }
        Frame Armature_F_L_cloth_b {
          FrameTransformMatrix {
             0.975186, 0.190931,-0.112059, 0.000000,
            -0.203746, 0.972016,-0.116928, 0.000000,
             0.086598, 0.136858, 0.986798, 0.000000,
            -25.014376,-0.000013, 0.000006, 1.000000;;
          }
        } // End of Armature_F_L_cloth_b
      } // End of Armature_F_L_cloth
      Frame Armature_F_R_cloth {
        FrameTransformMatrix {
          -0.941564,-0.037394, 0.334753, 0.000000,
           0.332584, 0.054184, 0.941516, 0.000000,
          -0.053345, 0.997831,-0.038581, 0.000000,
           4.741298,-6.382499, 8.271770, 1.000000;;
        }
        Frame Armature_F_R_cloth_b {
          FrameTransformMatrix {
             0.975187, 0.190929,-0.112059, 0.000000,
            -0.203745, 0.972016,-0.116928, 0.000000,
             0.086598, 0.136858, 0.986798, 0.000000,
            25.014408, 0.000035,-0.000001, 1.000000;;
          }
        } // End of Armature_F_R_cloth_b
      } // End of Armature_F_R_cloth
      Frame Armature_L_thigh {
        FrameTransformMatrix {
          -0.753105,-0.415692,-0.509935, 0.000000,
           0.475391, 0.191967,-0.858576, 0.000000,
           0.454794,-0.889016, 0.053045, 0.000000,
          -5.101181, 1.990870,-7.522169, 1.000000;;
        }
        Frame Armature_L_calf {
          FrameTransformMatrix {
             0.377426,-0.589105,-0.714497, 0.000000,
            -0.607868, 0.424458,-0.671067, 0.000000,
             0.698603, 0.687598,-0.197897, 0.000000,
            38.615482,-1.092887,-0.664188, 1.000000;;
          }
          Frame Armature_L_BUFFBONE_GLB_FOOT_LOC {
            FrameTransformMatrix {
              -0.015384, 0.488348, 0.872513, 0.000000,
               0.994183,-0.085562, 0.065419, 0.000000,
               0.106601, 0.868444,-0.484191, 0.000000,
              34.121441, 2.180613,-4.111710, 1.000000;;
            }
          } // End of Armature_L_BUFFBONE_GLB_FOOT_LOC
          Frame Armature_L_foot {
            FrameTransformMatrix {
               0.485503,-0.559229, 0.671975, 0.000000,
              -0.814983,-0.011357, 0.579374, 0.000000,
              -0.316371,-0.828936,-0.461276, 0.000000,
              40.646061,-1.958362, 1.252966, 1.000000;;
            }
            Frame Armature_L_toe {
              FrameTransformMatrix {
                 0.581648, 0.813380, 0.009941, 0.000000,
                -0.813421, 0.581675, 0.000221, 0.000000,
                -0.005603,-0.008214, 0.999951, 0.000000,
                22.135099, 5.627678,-1.587230, 1.000000;;
              }
              Frame Armature_L_tip {
                FrameTransformMatrix {
                   0.999595,-0.018901,-0.021261, 0.000000,
                   0.018887, 0.999821,-0.000873, 0.000000,
                   0.021274, 0.000472, 0.999774, 0.000000,
                  17.564377, 0.390726, 0.916422, 1.000000;;
                }
              } // End of Armature_L_tip
            } // End of Armature_L_toe
          } // End of Armature_L_foot
        } // End of Armature_L_calf
      } // End of Armature_L_thigh
      Frame Armature_R_thigh {
        FrameTransformMatrix {
           0.817267, 0.457512,-0.350367, 0.000000,
          -0.575601, 0.619074,-0.534257, 0.000000,
          -0.027525, 0.638302, 0.769294, 0.000000,
          -5.101208, 1.990872, 7.522172, 1.000000;;
        }
        Frame Armature_R_calf {
          FrameTransformMatrix {
             0.530588,-0.528384,-0.662787, 0.000000,
            -0.540405, 0.391537,-0.744756, 0.000000,
             0.653023, 0.753332,-0.077797, 0.000000,
            -38.615459, 1.092921, 0.664190, 1.000000;;
          }
          Frame Armature_R_BUFFBONE_GLB_FOOT_LOC {
            FrameTransformMatrix {
               0.011924, 0.381926, 0.924116, 0.000000,
              -0.974827, 0.210219,-0.074302, 0.000000,
              -0.222644,-0.899967, 0.374819, 0.000000,
              -32.095623,-0.700757, 3.200977, 1.000000;;
            }
          } // End of Armature_R_BUFFBONE_GLB_FOOT_LOC
          Frame Armature_R_foot {
            FrameTransformMatrix {
               0.329818,-0.667907, 0.667173, 0.000000,
              -0.782917, 0.201375, 0.588633, 0.000000,
              -0.527504,-0.716483,-0.456499, 0.000000,
              -40.646004, 1.958368,-1.253041, 1.000000;;
            }
            Frame Armature_R_toe {
              FrameTransformMatrix {
                 0.581648, 0.813381, 0.009899, 0.000000,
                -0.813422, 0.581675, 0.000220, 0.000000,
                -0.005579,-0.008180, 0.999951, 0.000000,
                -22.135103,-5.627706, 1.587201, 1.000000;;
              }
              Frame Armature_R_tip {
                FrameTransformMatrix {
                   0.999596,-0.018901,-0.021202, 0.000000,
                   0.018887, 0.999821,-0.000873, 0.000000,
                   0.021215, 0.000472, 0.999775, 0.000000,
                  -17.564367,-0.390699,-0.917142, 1.000000;;
                }
              } // End of Armature_R_tip
            } // End of Armature_R_toe
          } // End of Armature_R_foot
        } // End of Armature_R_calf
      } // End of Armature_R_thigh
      Frame Armature_bone_root_b_l_cloth {
        FrameTransformMatrix {
           0.966094,-0.074300, 0.247268, 0.000000,
          -0.231311,-0.674545, 0.701060, 0.000000,
           0.114705,-0.734486,-0.668860, 0.000000,
           3.482642, 9.731864,-6.934721, 1.000000;;
        }
        Frame Armature_B_L_cloth_b {
          FrameTransformMatrix {
             0.996019,-0.050262,-0.073616, 0.000000,
             0.041695, 0.992649,-0.113621, 0.000000,
             0.078785, 0.110099, 0.990793, 0.000000,
            -22.160080, 0.000036,-0.000009, 1.000000;;
          }
        } // End of Armature_B_L_cloth_b
      } // End of Armature_bone_root_b_l_cloth
      Frame Armature_waist {
        FrameTransformMatrix {
           0.950809, 0.117326,-0.286701, 0.000000,
           0.197501,-0.942601, 0.269252, 0.000000,
          -0.238655,-0.312631,-0.919405, 0.000000,
          14.678891, 0.780038,-0.000000, 1.000000;;
        }
        Frame Armature_chest {
          FrameTransformMatrix {
             0.979373, 0.192991, 0.059864, 0.000000,
            -0.195789, 0.979613, 0.045005, 0.000000,
            -0.049958,-0.055797, 0.997191, 0.000000,
            15.334022, 0.957585, 0.000003, 1.000000;;
          }
          Frame Armature_BUFFBONE_CHEST {
            FrameTransformMatrix {
               0.373372,-0.927682, 0.000000, 0.000000,
               0.111996, 0.045076,-0.992686, 0.000000,
               0.920897, 0.370641, 0.120727, 0.000000,
              -0.332300,-0.148671,-0.457849, 1.000000;;
            }
          } // End of Armature_BUFFBONE_CHEST
          Frame Armature_C_BUFFBONE_GLB_CHEST_LOC {
            FrameTransformMatrix {
               0.012279, 0.927773,-0.372942, 0.000000,
               0.954114,-0.122468,-0.273252, 0.000000,
              -0.299189,-0.352475,-0.886706, 0.000000,
               0.000007,-0.000000,-0.000002, 1.000000;;
            }
          } // End of Armature_C_BUFFBONE_GLB_CHEST_LOC
          Frame Armature_L_shoulder {
            FrameTransformMatrix {
              -0.621391,-0.244497, 0.744375, 0.000000,
               0.779477,-0.096754, 0.618914, 0.000000,
              -0.079302, 0.964811, 0.250701, 0.000000,
              13.987862,-4.142350, 4.466914, 1.000000;;
            }
            Frame Armature_L_uparm {
              FrameTransformMatrix {
                 0.924399, 0.061691, 0.376405, 0.000000,
                 0.311049, 0.449230,-0.837520, 0.000000,
                -0.220760, 0.891284, 0.396079, 0.000000,
                13.613510, 1.985272, 0.511442, 1.000000;;
              }
              Frame Armature_L_forearm {
                FrameTransformMatrix {
                  -0.164742,-0.199881, 0.965872, 0.000000,
                  -0.479787, 0.871828, 0.098585, 0.000000,
                  -0.861780,-0.447172,-0.239527, 0.000000,
                  22.205639,-0.192972,-1.398034, 1.000000;;
                }
                Frame Armature_L_hand {
                  FrameTransformMatrix {
                     0.969810, 0.214523, 0.115970, 0.000000,
                     0.043246, 0.316725,-0.947531, 0.000000,
                    -0.239998, 0.923940, 0.297886, 0.000000,
                    25.038303, 0.430494, 1.261291, 1.000000;;
                  }
                  Frame Armature_BUFFBONE_GLB_WEAPON_1_LOC {
                    FrameTransformMatrix {
                       0.166267, 0.962336, 0.215092, 0.000000,
                       0.973019,-0.195500, 0.122533, 0.000000,
                       0.159968, 0.188916,-0.968876, 0.000000,
                      15.196295,-3.535007, 1.738109, 1.000000;;
                    }
                    Frame Armature_BUFFBONE_GLB_WEAPON_1 {
                      FrameTransformMatrix {
                         1.000000,-0.000024, 0.000000, 0.000000,
                         0.000024, 1.000000,-0.000005, 0.000000,
                        -0.000000, 0.000005, 1.000000, 0.000000,
                         0.000006,-0.000007, 0.000001, 1.000000;;
                      }
                    } // End of Armature_BUFFBONE_GLB_WEAPON_1
                  } // End of Armature_BUFFBONE_GLB_WEAPON_1_LOC
                  Frame Armature_BUFFBONE_HAND_BOW {
                    FrameTransformMatrix {
                       0.134032, 0.975399, 0.175019, 0.000000,
                       0.977383,-0.159269, 0.139130, 0.000000,
                       0.163582, 0.152413,-0.974685, 0.000000,
                       8.707150, 1.451103, 2.475614, 1.000000;;
                    }
                  } // End of Armature_BUFFBONE_HAND_BOW
                  Frame Armature_BUFFBONE_HAND_L {
                    FrameTransformMatrix {
                      -0.104785, 0.940949, 0.321924, 0.000000,
                       0.969701, 0.024839, 0.243030, 0.000000,
                       0.220683, 0.337636,-0.915041, 0.000000,
                      -0.765727, 0.925791,-0.028238, 1.000000;;
                    }
                  } // End of Armature_BUFFBONE_HAND_L
                  Frame Armature_L_BUFFBONE_GLB_HAND_LOC {
                    FrameTransformMatrix {
                       0.166134, 0.962312, 0.215301, 0.000000,
                       0.973026,-0.195416, 0.122610, 0.000000,
                       0.160062, 0.189124,-0.968820, 0.000000,
                      -0.765727, 0.925791,-0.028238, 1.000000;;
                    }
                  } // End of Armature_L_BUFFBONE_GLB_HAND_LOC
                  Frame Armature_L_PARENTING_HAND_LOC {
                    FrameTransformMatrix {
                       0.166134, 0.962312, 0.215301, 0.000000,
                       0.973026,-0.195416, 0.122610, 0.000000,
                       0.160062, 0.189124,-0.968820, 0.000000,
                      -0.765727, 0.925791,-0.028238, 1.000000;;
                    }
                  } // End of Armature_L_PARENTING_HAND_LOC
                  Frame Armature_L_finger {
                    FrameTransformMatrix {
                       0.961015,-0.193847, 0.197166, 0.000000,
                       0.095425, 0.901793, 0.421501, 0.000000,
                      -0.259509,-0.386254, 0.885134, 0.000000,
                      12.280950,-0.400781, 7.467140, 1.000000;;
                    }
                    Frame Armature_L_finger_b {
                      FrameTransformMatrix {
                         0.766339,-0.634184, 0.102643, 0.000000,
                        -0.589873,-0.631303, 0.503496, 0.000000,
                        -0.254510,-0.446394,-0.857879, 0.000000,
                         5.385942, 0.096635,-0.089882, 1.000000;;
                      }
                      Frame Armature_L_finger_c {
                        FrameTransformMatrix {
                           0.987290, 0.129510, 0.092119, 0.000000,
                           0.154031,-0.922527,-0.353861, 0.000000,
                           0.039154, 0.363553,-0.930750, 0.000000,
                           4.204656,-0.612770,-0.135049, 1.000000;;
                        }
                      } // End of Armature_L_finger_c
                    } // End of Armature_L_finger_b
                  } // End of Armature_L_finger
                  Frame Armature_L_finger_d {
                    FrameTransformMatrix {
                       0.764644,-0.641942, 0.056847, 0.000000,
                       0.634441, 0.765318, 0.108507, 0.000000,
                      -0.113161,-0.046903, 0.992469, 0.000000,
                      13.935223,-0.100906, 0.208210, 1.000000;;
                    }
                    Frame Armature_L_finger_e {
                      FrameTransformMatrix {
                         0.745556,-0.648036, 0.155546, 0.000000,
                        -0.637647,-0.625775, 0.449235, 0.000000,
                        -0.193783,-0.434113,-0.879769, 0.000000,
                         5.356849,-0.083147, 0.092999, 1.000000;;
                      }
                      Frame Armature_L_finger_f {
                        FrameTransformMatrix {
                           0.822872, 0.547203, 0.153133, 0.000000,
                           0.567428,-0.805574,-0.170508, 0.000000,
                           0.030053, 0.227200,-0.973381, 0.000000,
                           5.025147,-0.359969, 0.122802, 1.000000;;
                        }
                      } // End of Armature_L_finger_f
                    } // End of Armature_L_finger_e
                  } // End of Armature_L_finger_d
                  Frame Armature_L_thumb {
                    FrameTransformMatrix {
                       0.698993,-0.536695, 0.472618, 0.000000,
                      -0.452389, 0.179991, 0.873468, 0.000000,
                      -0.553853,-0.824355,-0.116982, 0.000000,
                       3.289955,-2.024341, 5.239489, 1.000000;;
                    }
                    Frame Armature_L_thumb_b {
                      FrameTransformMatrix {
                         0.863186,-0.504549,-0.018467, 0.000000,
                        -0.448157,-0.748839,-0.488257, 0.000000,
                         0.232520, 0.429732,-0.872505, 0.000000,
                         6.101263, 0.158424,-0.090776, 1.000000;;
                      }
                      Frame Armature_L_thumb_c {
                        FrameTransformMatrix {
                           0.998742,-0.049638, 0.007176, 0.000000,
                          -0.045528,-0.837263, 0.544902, 0.000000,
                          -0.021039,-0.544543,-0.838469, 0.000000,
                           4.656609,-1.165662, 0.345727, 1.000000;;
                        }
                      } // End of Armature_L_thumb_c
                    } // End of Armature_L_thumb_b
                  } // End of Armature_L_thumb
                } // End of Armature_L_hand
                Frame Armature_R_PARENTING_HAND_LOC1 {
                  FrameTransformMatrix {
                     0.332614, 0.943059,-0.002707, 0.000000,
                     0.943058,-0.332621,-0.002504, 0.000000,
                    -0.003261,-0.001720,-0.999993, 0.000000,
                    24.194416, 0.708374, 1.591335, 1.000000;;
                  }
                } // End of Armature_R_PARENTING_HAND_LOC1
              } // End of Armature_L_forearm
            } // End of Armature_L_uparm
          } // End of Armature_L_shoulder
          Frame Armature_R_shoulder {
            FrameTransformMatrix {
               0.582204, 0.211079, 0.785165, 0.000000,
              -0.776778,-0.140793, 0.613835, 0.000000,
               0.240114,-0.967276, 0.081991, 0.000000,
              13.929340,-3.374365,-4.524836, 1.000000;;
            }
            Frame Armature_R_uparm {
              FrameTransformMatrix {
                 0.904616,-0.370242,-0.211165, 0.000000,
                 0.406208, 0.898937, 0.164035, 0.000000,
                 0.129092,-0.234166, 0.963588, 0.000000,
                -13.613499,-1.985321,-0.511424, 1.000000;;
              }
              Frame Armature_R_forearm {
                FrameTransformMatrix {
                   0.436516, 0.009475, 0.899647, 0.000000,
                  -0.305876, 0.941945, 0.138493, 0.000000,
                  -0.846105,-0.335635, 0.414072, 0.000000,
                  -22.205647, 0.193006, 1.397991, 1.000000;;
                }
                Frame Armature_R_PARENTING_HAND_LOC2 {
                  FrameTransformMatrix {
                    -0.106947,-0.994262,-0.002282, 0.000000,
                    -0.994260, 0.106939, 0.003451, 0.000000,
                    -0.003187, 0.002638,-0.999992, 0.000000,
                    -24.194347,-0.707290,-1.592468, 1.000000;;
                  }
                } // End of Armature_R_PARENTING_HAND_LOC2
                Frame Armature_R_hand {
                  FrameTransformMatrix {
                     0.953318, 0.282911, 0.105578, 0.000000,
                    -0.231128, 0.908626,-0.347818, 0.000000,
                    -0.194333, 0.307179, 0.931598, 0.000000,
                    -25.038303,-0.430487,-1.261257, 1.000000;;
                  }
                  Frame Armature_BUFFBONE_HAND_R {
                    FrameTransformMatrix {
                      -0.052465, 0.998623, 0.000504, 0.000000,
                      -0.981508,-0.051472,-0.184371, 0.000000,
                      -0.184091,-0.010168, 0.982857, 0.000000,
                       3.815770, 0.000004,-0.000001, 1.000000;;
                    }
                  } // End of Armature_BUFFBONE_HAND_R
                  Frame Armature_R_BUFFBONE_GLB_HAND_LOC {
                    FrameTransformMatrix {
                       0.091478, 0.973115, 0.211375, 0.000000,
                      -0.993878, 0.102424,-0.041410, 0.000000,
                      -0.061947,-0.206293, 0.976527, 0.000000,
                       3.815770, 0.000004,-0.000001, 1.000000;;
                    }
                  } // End of Armature_R_BUFFBONE_GLB_HAND_LOC
                  Frame Armature_R_PARENTING_HAND_LOC {
                    FrameTransformMatrix {
                      -0.106947,-0.994262,-0.002282, 0.000000,
                      -0.994260, 0.106938, 0.003451, 0.000000,
                      -0.003187, 0.002638,-0.999991, 0.000000,
                      -24.194347,-0.707303,-1.592459, 1.000000;;
                    }
                  } // End of Armature_R_PARENTING_HAND_LOC
                  Frame Armature_R_finger {
                    FrameTransformMatrix {
                       0.969619,-0.014860, 0.244169, 0.000000,
                      -0.081825, 0.920955, 0.380982, 0.000000,
                      -0.230530,-0.389387, 0.891759, 0.000000,
                      -12.152761, 0.591462,-8.202440, 1.000000;;
                    }
                    Frame Armature_R_finger_b {
                      FrameTransformMatrix {
                         0.786815,-0.610258, 0.092237, 0.000000,
                        -0.563983,-0.650210, 0.509068, 0.000000,
                        -0.250689,-0.452562,-0.855770, 0.000000,
                        -5.340627,-0.167794, 0.043331, 1.000000;;
                      }
                      Frame Armature_R_finger_c {
                        FrameTransformMatrix {
                          -0.167280, 0.924886, 0.341472, 0.000000,
                           0.984455, 0.137893, 0.108779, 0.000000,
                           0.053521, 0.354360,-0.933576, 0.000000,
                          -4.053728, 0.518410, 0.218633, 1.000000;;
                        }
                      } // End of Armature_R_finger_c
                    } // End of Armature_R_finger_b
                  } // End of Armature_R_finger
                  Frame Armature_R_finger_d {
                    FrameTransformMatrix {
                       0.859594,-0.510487,-0.022366, 0.000000,
                       0.510904, 0.859387, 0.020764, 0.000000,
                       0.008621,-0.029275, 0.999534, 0.000000,
                      -13.823639, 0.402444,-1.208373, 1.000000;;
                    }
                    Frame Armature_R_finger_e {
                      FrameTransformMatrix {
                         0.589709,-0.735877, 0.332759, 0.000000,
                        -0.800174,-0.476572, 0.364145, 0.000000,
                        -0.109382,-0.481004,-0.869868, 0.000000,
                        -5.356896, 0.083246,-0.092958, 1.000000;;
                      }
                      Frame Armature_R_finger_f {
                        FrameTransformMatrix {
                          -0.293852, 0.889194, 0.350691, 0.000000,
                           0.947106, 0.320375,-0.018723, 0.000000,
                          -0.129001, 0.326640,-0.936304, 0.000000,
                          -4.984050, 0.211350, 0.235626, 1.000000;;
                        }
                      } // End of Armature_R_finger_f
                    } // End of Armature_R_finger_e
                  } // End of Armature_R_finger_d
                  Frame Armature_R_thumb {
                    FrameTransformMatrix {
                       0.698993,-0.536694, 0.472619, 0.000000,
                      -0.452389, 0.179992, 0.873468, 0.000000,
                      -0.553853,-0.824356,-0.116982, 0.000000,
                      -3.804817, 1.716734,-5.391236, 1.000000;;
                    }
                    Frame Armature_R_thumb_b {
                      FrameTransformMatrix {
                         0.972242,-0.149383,-0.180085, 0.000000,
                        -0.225337,-0.805045,-0.548750, 0.000000,
                        -0.063003, 0.574097,-0.816359, 0.000000,
                        -6.269484,-0.857193,-0.477354, 1.000000;;
                      }
                      Frame Armature_R_thumb_c {
                        FrameTransformMatrix {
                          -0.067333,-0.284627,-0.956271, 0.000000,
                           0.981371, 0.153959,-0.114925, 0.000000,
                           0.179937,-0.946194, 0.268958, 0.000000,
                          -4.577954, 1.357209,-0.340044, 1.000000;;
                        }
                      } // End of Armature_R_thumb_c
                    } // End of Armature_R_thumb_b
                  } // End of Armature_R_thumb
                } // End of Armature_R_hand
              } // End of Armature_R_forearm
            } // End of Armature_R_uparm
          } // End of Armature_R_shoulder
          Frame Armature_neck {
            FrameTransformMatrix {
               0.982699, 0.093206,-0.160050, 0.000000,
               0.074195,-0.989886,-0.120914, 0.000000,
              -0.169701, 0.106948,-0.979675, 0.000000,
              18.907606,-0.334492,-0.000002, 1.000000;;
            }
            Frame Armature_head {
              FrameTransformMatrix {
                 0.967333, 0.039606,-0.250395, 0.000000,
                 0.191872, 0.531163, 0.825258, 0.000000,
                 0.165686,-0.846344, 0.506212, 0.000000,
                 7.127841, 0.835642,-0.000000, 1.000000;;
              }
              Frame Armature_BUFFBONE_HEAD {
                FrameTransformMatrix {
                   0.000000,-0.000000, 1.000000, 0.000000,
                   0.921777, 0.387719, 0.000000, 0.000000,
                  -0.387719, 0.921777, 0.000000, 0.000000,
                  14.602129, 5.073228,-0.000000, 1.000000;;
                }
              } // End of Armature_BUFFBONE_HEAD
              Frame Armature_C_BUFFBONE_GLB_HEAD_LOC {
                FrameTransformMatrix {
                   0.002701,-0.051335, 0.998678, 0.000000,
                   0.923947, 0.382135, 0.017144, 0.000000,
                  -0.382510, 0.922679, 0.048463, 0.000000,
                  14.602129, 5.073228,-0.000000, 1.000000;;
                }
              } // End of Armature_C_BUFFBONE_GLB_HEAD_LOC
              Frame Armature_classes {
                FrameTransformMatrix {
                   0.000000,-0.000000, 1.000000, 0.000000,
                   0.921777, 0.387719, 0.000000, 0.000000,
                  -0.387719, 0.921777, 0.000000, 0.000000,
                   7.818027, 6.854166,-0.000000, 1.000000;;
                }
              } // End of Armature_classes
            } // End of Armature_head
          } // End of Armature_neck
        } // End of Armature_chest
      } // End of Armature_waist
    } // End of Armature_root
    Frame Armature_C_BUFFBONE_GLB_OVERHEAD_LOC {
      FrameTransformMatrix {
        -1.000000, 0.000000, 0.000000, 0.000000,
         0.000000, 1.000000, 0.000000, 0.000000,
        -0.000000, 0.000000,-1.000000, 0.000000,
        -0.000000,233.019562,-0.000000, 1.000000;;
      }
    } // End of Armature_C_BUFFBONE_GLB_OVERHEAD_LOC
    Frame Armature_BUFFBONE_GLB_GROUND_LOC {
      FrameTransformMatrix {
        -1.000000, 0.000000, 0.000000, 0.000000,
         0.000000, 1.000000, 0.000000, 0.000000,
        -0.000000, 0.000000,-1.000000, 0.000000,
         0.000000, 0.000000, 0.000000, 1.000000;;
      }
    } // End of Armature_BUFFBONE_GLB_GROUND_LOC
    Frame Armature_BUFFBONE_GLB_CHANNEL_LOC {
      FrameTransformMatrix {
         0.000000, 0.000000, 1.000000, 0.000000,
         1.000000,-0.000000, 0.000000, 0.000000,
         0.000000, 1.000000,-0.000000, 0.000000,
         0.000000,100.000000,50.000000, 1.000000;;
      }
    } // End of Armature_BUFFBONE_GLB_CHANNEL_LOC
    Frame Armature_C_BUFFBONE_GLB_LAYOUT_LOC {
      FrameTransformMatrix {
        -1.000000, 0.000000, 0.000000, 0.000000,
         0.000000, 1.000000, 0.000000, 0.000000,
        -0.000000, 0.000000,-1.000000, 0.000000,
         0.000000, 0.000000, 0.000000, 1.000000;;
      }
    } // End of Armature_C_BUFFBONE_GLB_LAYOUT_LOC
    Frame Armature_C_BUFFBONE_GLB_CENTER_LOC {
      FrameTransformMatrix {
         0.075981, 0.997109, 0.000000, 0.000000,
         0.997110,-0.075981,-0.000000, 0.000000,
        -0.000000, 0.000000,-1.000000, 0.000000,
        -0.000001,100.264015,-0.000000, 1.000000;;
      }
    } // End of Armature_C_BUFFBONE_GLB_CENTER_LOC
    Frame transformezreal {
      FrameTransformMatrix {
         1.000000,-0.000000, 0.000000, 0.000000,
         0.000000, 1.000000,-0.000000, 0.000000,
         0.000000,-0.000000, 1.000000, 0.000000,
         0.000002,-0.000007, 0.000000, 1.000000;;
      }
      Mesh { // transformezreal mesh
        9729;
        -12.061725;156.238647;-3.698413;,
        -10.158182;159.935944;-5.087234;,
        -8.316530;157.468109;-4.611856;,
        10.359339;95.646408; 9.158873;,
         6.901739;94.497437;10.508084;,
        10.493059;93.340828; 9.109282;,
        10.359339;95.646408; 9.158873;,
        10.493059;93.340828; 9.109282;,
        14.338391;96.148895; 4.617583;,
        10.493059;93.340828; 9.109282;,
        15.936709;90.049500; 2.665232;,
        14.338391;96.148895; 4.617583;,
        14.338391;96.148895; 4.617583;,
        15.936709;90.049500; 2.665232;,
        16.242212;96.194092; 0.678510;,
        16.242212;96.194092; 0.678510;,
        15.936709;90.049500; 2.665232;,
        14.989325;90.777588;-4.878142;,
        14.032434;95.504715;-4.758701;,
        16.242212;96.194092; 0.678510;,
        14.989325;90.777588;-4.878142;,
        14.032434;95.504715;-4.758701;,
        14.989325;90.777588;-4.878142;,
         8.589966;93.445488;-10.393034;,
         8.505318;55.903435;-9.414244;,
         5.360332;53.682453;-4.095037;,
         8.333329;59.239197;-5.305336;,
         5.360332;53.682453;-4.095037;,
         5.990107;59.494801;-1.220988;,
         8.333329;59.239197;-5.305336;,
         5.360332;53.682453;-4.095037;,
         7.021829;55.873169; 2.260055;,
         5.990107;59.494801;-1.220988;,
         5.360332;53.682453;-4.095037;,
         7.382765;52.093414; 1.024489;,
         7.021829;55.873169; 2.260055;,
         6.957341;47.787888; 1.834025;,
         7.382765;52.093414; 1.024489;,
         5.360332;53.682453;-4.095037;,
         4.463091;48.530506;-6.881149;,
         6.957341;47.787888; 1.834025;,
         5.360332;53.682453;-4.095037;,
         6.182236;74.574379;-5.873647;,
         8.333329;59.239197;-5.305336;,
         5.990107;59.494801;-1.220988;,
         3.370015;74.671310; 1.061467;,
         6.182236;74.574379;-5.873647;,
         5.990107;59.494801;-1.220988;,
         3.370015;74.671310; 1.061467;,
         5.990107;59.494801;-1.220988;,
         7.587445;59.911976; 3.612630;,
         7.021829;55.873169; 2.260055;,
         7.587445;59.911976; 3.612630;,
         5.990107;59.494801;-1.220988;,
         7.587445;59.911976; 3.612630;,
         7.021829;55.873169; 2.260055;,
        13.853314;56.358082; 6.514361;,
        13.853314;56.358082; 6.514361;,
         7.021829;55.873169; 2.260055;,
        14.059390;53.180450; 5.153094;,
         7.021829;55.873169; 2.260055;,
         7.382765;52.093414; 1.024489;,
        14.059390;53.180450; 5.153094;,
        14.059390;53.180450; 5.153094;,
         7.382765;52.093414; 1.024489;,
         6.957341;47.787888; 1.834025;,
        14.592532;47.259640; 4.974813;,
        14.059390;53.180450; 5.153094;,
         6.957341;47.787888; 1.834025;,
        14.592532;47.259640; 4.974813;,
        22.105442;49.799191;-1.946926;,
        14.059390;53.180450; 5.153094;,
         6.206614;75.001068; 6.409083;,
         3.370015;74.671310; 1.061467;,
         7.587445;59.911976; 3.612630;,
         6.206614;75.001068; 6.409083;,
         7.587445;59.911976; 3.612630;,
        13.510449;60.595970; 7.031699;,
        13.510449;60.595970; 7.031699;,
         7.587445;59.911976; 3.612630;,
        13.853314;56.358082; 6.514361;,
        19.444145;61.184105; 1.281968;,
        13.510449;60.595970; 7.031699;,
        13.853314;56.358082; 6.514361;,
        20.153929;56.990376;-0.378237;,
        19.444145;61.184105; 1.281968;,
        13.853314;56.358082; 6.514361;,
        20.153929;56.990376;-0.378237;,
        13.853314;56.358082; 6.514361;,
        14.059390;53.180450; 5.153094;,
        21.955051;52.540649;-2.154989;,
        20.153929;56.990376;-0.378237;,
        14.059390;53.180450; 5.153094;,
        22.105442;49.799191;-1.946926;,
        21.955051;52.540649;-2.154989;,
        14.059390;53.180450; 5.153094;,
        21.955051;52.540649;-2.154989;,
        22.105442;49.799191;-1.946926;,
        21.073591;55.161144;-7.226969;,
        22.105442;49.799191;-1.946926;,
        21.810013;51.240517;-10.415522;,
        21.073591;55.161144;-7.226969;,
        12.158683;76.141151; 8.542325;,
         6.206614;75.001068; 6.409083;,
        13.510449;60.595970; 7.031699;,
        13.510449;60.595970; 7.031699;,
        19.444145;61.184105; 1.281968;,
        12.158683;76.141151; 8.542325;,
        19.444145;61.184105; 1.281968;,
        17.935921;78.830696; 2.304547;,
        12.158683;76.141151; 8.542325;,
        17.935921;78.830696; 2.304547;,
        19.444145;61.184105; 1.281968;,
        18.669270;60.386627;-3.834936;,
        18.669270;60.386627;-3.834936;,
        19.444145;61.184105; 1.281968;,
        20.153929;56.990376;-0.378237;,
        21.073591;55.161144;-7.226969;,
        18.669270;60.386627;-3.834936;,
        20.153929;56.990376;-0.378237;,
        21.073591;55.161144;-7.226969;,
        20.153929;56.990376;-0.378237;,
        21.955051;52.540649;-2.154989;,
        15.968063;80.226120;-4.141334;,
        17.935921;78.830696; 2.304547;,
        18.669270;60.386627;-3.834936;,
        15.968063;80.226120;-4.141334;,
        18.669270;60.386627;-3.834936;,
        11.795453;76.785599;-7.532330;,
        18.669270;60.386627;-3.834936;,
        13.708522;59.669518;-8.038538;,
        11.795453;76.785599;-7.532330;,
        18.669270;60.386627;-3.834936;,
        21.073591;55.161144;-7.226969;,
        13.708522;59.669518;-8.038538;,
        21.073591;55.161144;-7.226969;,
        14.139870;56.362846;-11.939802;,
        13.708522;59.669518;-8.038538;,
        21.073591;55.161144;-7.226969;,
        21.810013;51.240517;-10.415522;,
        14.139870;56.362846;-11.939802;,
        21.810013;51.240517;-10.415522;,
        14.700659;50.868427;-14.427112;,
        14.139870;56.362846;-11.939802;,
        14.139870;56.362846;-11.939802;,
        14.700659;50.868427;-14.427112;,
         8.000960;49.776466;-12.088707;,
         8.505318;55.903435;-9.414244;,
        14.139870;56.362846;-11.939802;,
         8.000960;49.776466;-12.088707;,
         8.000960;49.776466;-12.088707;,
         4.463091;48.530506;-6.881149;,
         8.505318;55.903435;-9.414244;,
         4.463091;48.530506;-6.881149;,
         5.360332;53.682453;-4.095037;,
         8.505318;55.903435;-9.414244;,
        11.795453;76.785599;-7.532330;,
        13.708522;59.669518;-8.038538;,
         6.182236;74.574379;-5.873647;,
        13.708522;59.669518;-8.038538;,
         8.333329;59.239197;-5.305336;,
         6.182236;74.574379;-5.873647;,
         8.333329;59.239197;-5.305336;,
        13.708522;59.669518;-8.038538;,
         8.505318;55.903435;-9.414244;,
        13.708522;59.669518;-8.038538;,
        14.139870;56.362846;-11.939802;,
         8.505318;55.903435;-9.414244;,
        -3.252065;13.180153;-10.286448;,
        -6.833807;13.987680;-14.777365;,
        -5.262065;16.780340;-10.339006;,
        -6.833807;13.987680;-14.777365;,
        -7.065875;19.135126;-13.850264;,
        -5.262065;16.780340;-10.339006;,
        -13.905095;19.862719;-17.218861;,
        -7.065875;19.135126;-13.850264;,
        -6.833807;13.987680;-14.777365;,
        -13.443852;13.510640;-19.643574;,
        -13.905095;19.862719;-17.218861;,
        -6.833807;13.987680;-14.777365;,
        -13.443852;13.510640;-19.643574;,
        -6.833807;13.987680;-14.777365;,
        -13.283254; 6.455850;-19.892504;,
        -6.833807;13.987680;-14.777365;,
        -5.365027; 6.977423;-14.815677;,
        -13.283254; 6.455850;-19.892504;,
        -6.833807;13.987680;-14.777365;,
        -3.252065;13.180153;-10.286448;,
        -5.365027; 6.977423;-14.815677;,
        -3.252065;13.180153;-10.286448;,
        -5.339440; 8.818758;-5.010694;,
        -5.365027; 6.977423;-14.815677;,
        -7.065875;19.135126;-13.850264;,
        -4.750235;20.294531;-9.391652;,
        -5.262065;16.780340;-10.339006;,
        -5.977803;24.357250;-8.524981;,
        -4.750235;20.294531;-9.391652;,
        -7.065875;19.135126;-13.850264;,
        -8.683149;26.088406;-14.162867;,
        -5.977803;24.357250;-8.524981;,
        -7.065875;19.135126;-13.850264;,
        -8.683149;26.088406;-14.162867;,
        -7.065875;19.135126;-13.850264;,
        -13.905095;19.862719;-17.218861;,
        -14.274847;26.056082;-16.683222;,
        -8.683149;26.088406;-14.162867;,
        -13.905095;19.862719;-17.218861;,
        -14.274847;26.056082;-16.683222;,
        -13.905095;19.862719;-17.218861;,
        -21.449274;21.109093;-11.820536;,
        -21.449274;21.109093;-11.820536;,
        -13.905095;19.862719;-17.218861;,
        -23.335615;14.697096;-13.175099;,
        -13.905095;19.862719;-17.218861;,
        -13.443852;13.510640;-19.643574;,
        -23.335615;14.697096;-13.175099;,
        -13.443852;13.510640;-19.643574;,
        -18.491976; 7.228606;-17.397675;,
        -23.335615;14.697096;-13.175099;,
        -18.491976; 7.228606;-17.397675;,
        -13.443852;13.510640;-19.643574;,
        -13.283254; 6.455850;-19.892504;,
        -4.920791;32.206448;-8.943323;,
        -5.977803;24.357250;-8.524981;,
        -8.683149;26.088406;-14.162867;,
        -8.261160;33.847725;-17.018391;,
        -4.920791;32.206448;-8.943323;,
        -8.683149;26.088406;-14.162867;,
        -8.683149;26.088406;-14.162867;,
        -14.274847;26.056082;-16.683222;,
        -8.261160;33.847725;-17.018391;,
        -14.274847;26.056082;-16.683222;,
        -15.424387;35.470272;-18.771099;,
        -8.261160;33.847725;-17.018391;,
        -15.424387;35.470272;-18.771099;,
        -14.274847;26.056082;-16.683222;,
        -21.388109;26.852596;-12.228790;,
        -21.388109;26.852596;-12.228790;,
        -14.274847;26.056082;-16.683222;,
        -21.449274;21.109093;-11.820536;,
        -21.388109;26.852596;-12.228790;,
        -21.449274;21.109093;-11.820536;,
        -23.561480;26.046322;-12.673463;,
        -21.449274;21.109093;-11.820536;,
        -23.782597;21.101093;-11.950776;,
        -23.561480;26.046322;-12.673463;,
        -21.449274;21.109093;-11.820536;,
        -23.335615;14.697096;-13.175099;,
        -23.782597;21.101093;-11.950776;,
        -3.012741;44.413815;-7.554377;,
        -4.920791;32.206448;-8.943323;,
        -8.261160;33.847725;-17.018391;,
        -7.065397;46.261330;-14.318550;,
        -3.012741;44.413815;-7.554377;,
        -8.261160;33.847725;-17.018391;,
        -8.261160;33.847725;-17.018391;,
        -15.424387;35.470272;-18.771099;,
        -7.065397;46.261330;-14.318550;,
        -15.424387;35.470272;-18.771099;,
        -15.037198;47.785999;-17.458487;,
        -7.065397;46.261330;-14.318550;,
        -15.037198;47.785999;-17.458487;,
        -15.424387;35.470272;-18.771099;,
        -21.650166;36.081882;-13.187082;,
        -21.650166;36.081882;-13.187082;,
        -15.424387;35.470272;-18.771099;,
        -21.388109;26.852596;-12.228790;,
        -24.221985;36.147797;-14.028150;,
        -21.650166;36.081882;-13.187082;,
        -21.388109;26.852596;-12.228790;,
        -23.561480;26.046322;-12.673463;,
        -24.221985;36.147797;-14.028150;,
        -21.388109;26.852596;-12.228790;,
        -22.861763;35.723076;-9.578027;,
        -24.221985;36.147797;-14.028150;,
        -23.561480;26.046322;-12.673463;,
        -22.424889;25.972271;-9.422322;,
        -22.861763;35.723076;-9.578027;,
