xof 0303txt 0032

template AnimTicksPerSecond {
  <9E415A43-7BA6-4a73-8743-B73D47E88476>
  DWORD AnimTicksPerSecond;
}

Frame Root {
  FrameTransformMatrix {
     1.000000, 0.000000, 0.000000, 0.000000,
     0.000000,-0.000000, 1.000000, 0.000000,
     0.000000, 1.000000, 0.000000, 0.000000,
     0.000000, 0.000000, 0.000000, 1.000000;;
  }
  Frame Armature {
    FrameTransformMatrix {
       0.010000, 0.000000, 0.000000, 0.000000,
       0.000000,-0.000000, 0.010000, 0.000000,
       0.000000,-0.010000,-0.000000, 0.000000,
       0.000000, 0.000000, 0.000000, 1.000000;;
    }
    Frame Armature_root {
      FrameTransformMatrix {
         0.359350,-0.001339, 0.933202, 0.000000,
         0.037798, 0.999199,-0.013121, 0.000000,
        -0.932437, 0.039988, 0.359113, 0.000000,
         3.178450,19.415071,-4.308460, 1.000000;;
      }
      Frame Armature_pelvis {
        FrameTransformMatrix {
           0.453059,-0.007271,-0.891451, 0.000000,
           0.016672, 0.999861, 0.000318, 0.000000,
           0.891324,-0.015006, 0.453117, 0.000000,
           0.213497,-1.138479, 0.035063, 1.000000;;
        }
        Frame Armature_L_thigh {
          FrameTransformMatrix {
             0.766515, 0.073416,-0.638016, 0.000000,
             0.011332, 0.991744, 0.127733, 0.000000,
             0.642126,-0.105140, 0.759355, 0.000000,
            -2.603271,-0.561879, 3.434362, 1.000000;;
          }
          Frame Armature_L_calf {
            FrameTransformMatrix {
              -0.018277, 0.053258, 0.998413, 0.000000,
               0.039099, 0.997855,-0.052512, 0.000000,
              -0.999068, 0.038077,-0.020320, 0.000000,
              -5.119621,-5.525201, 1.825783, 1.000000;;
            }
            Frame Armature_L_BUFFBONE_GLB_FOOT_LOC {
              FrameTransformMatrix {
                -0.750791,-0.000000, 0.660540, 0.000000,
                -0.000000, 1.000000, 0.000000, 0.000000,
                -0.660540,-0.000000,-0.750790, 0.000000,
                -2.209996,-2.573840,-0.171876, 1.000000;;
              }
            } // End of Armature_L_BUFFBONE_GLB_FOOT_LOC
            Frame Armature_L_foot {
              FrameTransformMatrix {
                -0.841067,-0.048801,-0.538725, 0.000000,
                -0.070448, 0.997322, 0.019641, 0.000000,
                 0.536323, 0.054472,-0.842252, 0.000000,
                -6.998459,-8.374592,-0.987713, 1.000000;;
              }
              Frame Armature_L_toe {
                FrameTransformMatrix {
                   0.075621,-0.000001, 0.997137, 0.000000,
                   0.000001, 1.000000, 0.000000, 0.000000,
                  -0.997137, 0.000001, 0.075621, 0.000000,
                  -7.110149,-3.997899,-0.183850, 1.000000;;
                }
              } // End of Armature_L_toe
            } // End of Armature_L_foot
          } // End of Armature_L_calf
        } // End of Armature_L_thigh
        Frame Armature_R_thigh {
          FrameTransformMatrix {
            -0.956920, 0.030603, 0.288735, 0.000000,
             0.007431, 0.996686,-0.081013, 0.000000,
            -0.290257,-0.075378,-0.953976, 0.000000,
             4.289586,-0.691272, 0.095776, 1.000000;;
          }
          Frame Armature_R_calf {
            FrameTransformMatrix {
               0.689332,-0.075191,-0.720533, 0.000000,
               0.002831, 0.994871,-0.101112, 0.000000,
               0.724440, 0.067660, 0.686009, 0.000000,
              -2.601752,-5.420176,-4.891269, 1.000000;;
            }
            Frame Armature_R_BUFFBONE_GLB_FOOT_LOC {
              FrameTransformMatrix {
                 0.859102,-0.000000, 0.511805, 0.000000,
                 0.000000, 1.000000, 0.000000, 0.000000,
                -0.511805,-0.000000, 0.859102, 0.000000,
                -1.965207,-2.569921, 0.528294, 1.000000;;
              }
            } // End of Armature_R_BUFFBONE_GLB_FOOT_LOC
            Frame Armature_R_foot {
              FrameTransformMatrix {
                -0.588713,-0.015575, 0.808191, 0.000000,
                 0.055252, 0.996700, 0.059456, 0.000000,
                -0.806451, 0.079657,-0.585910, 0.000000,
                -6.686545,-8.350222, 2.377299, 1.000000;;
              }
              Frame Armature_R_cloth {
                FrameTransformMatrix {
                  -0.574725,-0.022179,-0.818047, 0.000000,
                  -0.004682, 0.999705,-0.023815, 0.000000,
                   0.818334,-0.009857,-0.574660, 0.000000,
                  -4.361458,-2.519062,10.840437, 1.000000;;
                }
                Frame Armature_R_cloth_b {
                  FrameTransformMatrix {
                     0.773432,-0.136607, 0.618984, 0.000000,
                    -0.095136, 0.940424, 0.326422, 0.000000,
                    -0.626699,-0.311353, 0.714358, 0.000000,
                    -15.085696, 0.233610, 0.000002, 1.000000;;
                  }
                } // End of Armature_R_cloth_b
              } // End of Armature_R_cloth
              Frame Armature_R_toe {
                FrameTransformMatrix {
                  -0.458357, 0.000001, 0.888769, 0.000000,
                   0.000001, 1.000000,-0.000000, 0.000000,
                  -0.888769, 0.000001,-0.458357, 0.000000,
                  -7.110104,-3.998040, 0.182552, 1.000000;;
                }
              } // End of Armature_R_toe
            } // End of Armature_R_foot
          } // End of Armature_R_calf
        } // End of Armature_R_thigh
      } // End of Armature_pelvis
      Frame Armature_spine {
        FrameTransformMatrix {
           0.983877,-0.161729,-0.076342, 0.000000,
           0.163441, 0.986412, 0.016691, 0.000000,
           0.072606,-0.028899, 0.996942, 0.000000,
           0.730872, 4.686848,-0.065362, 1.000000;;
        }
        Frame Armature_C_BUFFBONE_GLB_CHEST_LOC {
          FrameTransformMatrix {
            -0.418634,-0.080451, 0.904585, 0.000000,
            -0.165970, 0.986071, 0.010889, 0.000000,
            -0.892861,-0.145576,-0.426155, 0.000000,
             0.000001, 0.000002, 0.000001, 1.000000;;
          }
        } // End of Armature_C_BUFFBONE_GLB_CHEST_LOC
        Frame Armature_spine_b {
          FrameTransformMatrix {
             0.929997, 0.291772,-0.223553, 0.000000,
            -0.300075, 0.953910,-0.003333, 0.000000,
             0.212277, 0.070182, 0.974686, 0.000000,
             2.610347, 3.504027,-0.017052, 1.000000;;
          }
          Frame Armature_L_shoulder {
            FrameTransformMatrix {
               0.043993, 0.060433,-0.997202, 0.000000,
              -0.024944, 0.997924, 0.059376, 0.000000,
               0.998720, 0.022262, 0.045409, 0.000000,
              -0.967142, 2.574993, 2.379614, 1.000000;;
            }
            Frame Armature_L_arm {
              FrameTransformMatrix {
                 0.652157, 0.736660,-0.178958, 0.000000,
                -0.457068, 0.193756,-0.868071, 0.000000,
                -0.604799, 0.647914, 0.463063, 0.000000,
                -3.684794,-0.756816,-0.049704, 1.000000;;
              }
              Frame Armature_L_forarm {
                FrameTransformMatrix {
                   0.891964, 0.047966,-0.449555, 0.000000,
                  -0.005412, 0.995418, 0.095470, 0.000000,
                   0.452074,-0.082722, 0.888136, 0.000000,
                  -5.354128,-3.595373,-1.449403, 1.000000;;
                }
                Frame Armature_L_hand {
                  FrameTransformMatrix {
                     0.858029, 0.504820, 0.094575, 0.000000,
                    -0.395192, 0.766534,-0.506212, 0.000000,
                    -0.328040, 0.396969, 0.857208, 0.000000,
                    -5.306518,-2.888318, 0.677060, 1.000000;;
                  }
                  Frame Armature_L_BUFFBONE_GLB_HAND_LOC {
                    FrameTransformMatrix {
                      -0.889733,-0.000000, 0.456481, 0.000000,
                      -0.000000, 1.000000, 0.000000, 0.000000,
                      -0.456481, 0.000000,-0.889733, 0.000000,
                       1.260275,-0.013783, 0.005476, 1.000000;;
                    }
                  } // End of Armature_L_BUFFBONE_GLB_HAND_LOC
                  Frame Armature_L_PARENTING_HAND_LOC {
                    FrameTransformMatrix {
                      -0.889733,-0.000000, 0.456481, 0.000000,
                      -0.000000, 1.000000, 0.000000, 0.000000,
                      -0.456481, 0.000000,-0.889733, 0.000000,
                       1.260275,-0.013783, 0.005476, 1.000000;;
                    }
                  } // End of Armature_L_PARENTING_HAND_LOC
                  Frame Armature_L_finger {
                    FrameTransformMatrix {
                       0.734192,-0.163229, 0.659027, 0.000000,
                       0.283155, 0.955840,-0.078706, 0.000000,
                      -0.617078, 0.244392, 0.747990, 0.000000,
                      -7.322381, 0.211404,-0.257702, 1.000000;;
                    }
                  } // End of Armature_L_finger
                } // End of Armature_L_hand
              } // End of Armature_L_forarm
            } // End of Armature_L_arm
          } // End of Armature_L_shoulder
          Frame Armature_R_shoulder {
            FrameTransformMatrix {
              -0.988514, 0.000000,-0.151127, 0.000000,
               0.000001, 1.000000,-0.000001, 0.000000,
               0.151127,-0.000001,-0.988514, 0.000000,
               0.231083, 2.487713,-2.643147, 1.000000;;
            }
            Frame Armature_R_arm {
              FrameTransformMatrix {
                -0.029030, 0.249186,-0.968020, 0.000000,
                -0.115044, 0.961161, 0.250870, 0.000000,
                 0.992937, 0.118648, 0.000764, 0.000000,
                -0.003613,-0.880375, 3.657547, 1.000000;;
              }
              Frame Armature_R_forarm {
                FrameTransformMatrix {
                   0.668991,-0.321751,-0.670020, 0.000000,
                   0.053937, 0.920087,-0.387982, 0.000000,
                   0.741311, 0.223417, 0.632885, 0.000000,
                  -5.219890,-4.390814, 0.847864, 1.000000;;
                }
                Frame Armature_R_hand {
                  FrameTransformMatrix {
                     0.803319,-0.239935,-0.545078, 0.000000,
                    -0.318132, 0.600843,-0.733335, 0.000000,
                     0.503459, 0.762509, 0.406338, 0.000000,
                    -0.220281,-3.304529,-4.770195, 1.000000;;
                  }
                  Frame Armature_BUFFBONE_GLB_WEAPON_1 {
                    FrameTransformMatrix {
                      -0.864323, 0.000000, 0.502938, 0.000000,
                       0.000000, 1.000000, 0.000000, 0.000000,
                      -0.502938, 0.000000,-0.864322, 0.000000,
                       3.385114, 0.873491,-4.911910, 1.000000;;
                    }
                  } // End of Armature_BUFFBONE_GLB_WEAPON_1
                  Frame Armature_R_BUFFBONE_GLB_HAND_LOC {
                    FrameTransformMatrix {
                      -0.864323, 0.000000, 0.502938, 0.000000,
                       0.000000, 1.000000, 0.000000, 0.000000,
                      -0.502938, 0.000000,-0.864322, 0.000000,
                      -0.881301,-0.227411, 1.278800, 1.000000;;
                    }
                  } // End of Armature_R_BUFFBONE_GLB_HAND_LOC
                  Frame Armature_R_PARENTING_HAND_LOC {
                    FrameTransformMatrix {
                      -0.864323, 0.000000, 0.502938, 0.000000,
                       0.000000, 1.000000, 0.000000, 0.000000,
                      -0.502938, 0.000000,-0.864322, 0.000000,
                      -0.881301,-0.227411, 1.278800, 1.000000;;
                    }
                  } // End of Armature_R_PARENTING_HAND_LOC
                  Frame Armature_R_finger {
                    FrameTransformMatrix {
                      -0.479110,-0.130734, 0.867964, 0.000000,
                      -0.093032, 0.990840, 0.097888, 0.000000,
                      -0.872811,-0.033849,-0.486883, 0.000000,
                       4.190987, 1.090307,-5.913993, 1.000000;;
                    }
                  } // End of Armature_R_finger
                } // End of Armature_R_hand
              } // End of Armature_R_forarm
            } // End of Armature_R_arm
          } // End of Armature_R_shoulder
          Frame Armature_neck {
            FrameTransformMatrix {
              -0.989013, 0.129845,-0.070665, 0.000000,
               0.142191, 0.966326,-0.214468, 0.000000,
               0.040438,-0.222160,-0.974171, 0.000000,
               1.984668, 3.540368, 0.427401, 1.000000;;
            }
          } // End of Armature_neck
        } // End of Armature_spine_b
      } // End of Armature_spine
    } // End of Armature_root
    Frame Model {
      FrameTransformMatrix {
         1.000000, 0.000000, 0.000000, 0.000000,
         0.000000, 1.000000, 0.000000, 0.000000,
         0.000000, 0.000000, 1.000000, 0.000000,
         0.000000, 0.000000, 0.000000, 1.000000;;
      }
      Mesh { // Model mesh
        6684;
        11.813600;-0.021289;-13.697100;,
        18.651899; 0.031206;-11.722700;,
         5.901340;-0.073773;-12.923800;,
        21.342600; 0.029137;-6.973080;,
         5.901340;-0.073773;-12.923800;,
        18.651899; 0.031206;-11.722700;,
         2.067080;-0.025650;-8.715060;,
         5.901340;-0.073773;-12.923800;,
        21.342600; 0.029137;-6.973080;,
        21.342600; 0.029137;-6.973080;,
         0.866714; 0.022506;-2.593030;,
         2.067080;-0.025650;-8.715060;,
        22.212599; 0.026898;-0.990717;,
         0.866714; 0.022506;-2.593030;,
        21.342600; 0.029137;-6.973080;,
        19.454699; 0.092241; 5.853550;,
         0.866714; 0.022506;-2.593030;,
        22.212599; 0.026898;-0.990717;,
         1.464240; 0.045189; 2.618880;,
         0.866714; 0.022506;-2.593030;,
        19.454699; 0.092241; 5.853550;,
        19.454699; 0.092241; 5.853550;,
        13.997700; 0.084783; 8.908110;,
         1.464240; 0.045189; 2.618880;,
         1.464240; 0.045189; 2.618880;,
        13.997700; 0.084783; 8.908110;,
         3.332880; 0.067871; 7.530260;,
         8.508970; 0.078512; 9.939410;,
         3.332880; 0.067871; 7.530260;,
        13.997700; 0.084783; 8.908110;,
        -18.651899; 0.031205;-11.722700;,
        -11.813600;-0.021290;-13.697100;,
        -5.901340;-0.073774;-12.923800;,
        -18.651899; 0.031205;-11.722700;,
        -5.901340;-0.073774;-12.923800;,
        -21.342600; 0.029136;-6.973090;,
        -21.342600; 0.029136;-6.973090;,
        -5.901340;-0.073774;-12.923800;,
        -2.067080;-0.025650;-8.715070;,
        -2.067080;-0.025650;-8.715070;,
        -0.866714; 0.022505;-2.593030;,
        -21.342600; 0.029136;-6.973090;,
        -21.342600; 0.029136;-6.973090;,
        -0.866714; 0.022505;-2.593030;,
        -22.212599; 0.026897;-0.990725;,
        -22.212599; 0.026897;-0.990725;,
        -0.866714; 0.022505;-2.593030;,
        -20.174200;-0.164540; 4.907120;,
        -20.174200;-0.164540; 4.907120;,
        -0.866714; 0.022505;-2.593030;,
        -1.615690;-0.103584; 2.638210;,
        -1.615690;-0.103584; 2.638210;,
        -14.952700;-0.501902; 8.219370;,
        -20.174200;-0.164540; 4.907120;,
        -3.547120;-0.122763; 7.511860;,
        -14.952700;-0.501902; 8.219370;,
        -1.615690;-0.103584; 2.638210;,
        -3.547120;-0.122763; 7.511860;,
        -9.575910;-0.736694; 9.538350;,
        -14.952700;-0.501902; 8.219370;,
        -6.177740;26.770300;-4.698920;,
        -6.918930;27.292700;-3.926280;,
        -6.457840;28.184799;-6.294860;,
        -6.457840;28.184799;-6.294860;,
        -6.918930;27.292700;-3.926280;,
        -8.399970;28.242699;-4.957270;,
        -8.399970;28.242699;-4.957270;,
        -5.726670;29.155699;-7.100440;,
        -6.457840;28.184799;-6.294860;,
        -5.726670;29.155699;-7.100440;,
        -8.399970;28.242699;-4.957270;,
        -8.847420;29.594398;-4.869160;,
        -8.847420;29.594398;-4.869160;,
        -6.759570;30.319399;-6.328520;,
        -5.726670;29.155699;-7.100440;,
        -5.628910;30.649799;-6.636010;,
        -5.726670;29.155699;-7.100440;,
        -6.759570;30.319399;-6.328520;,
        -6.759570;30.319399;-6.328520;,
        -6.294900;31.625399;-5.375410;,
        -5.628910;30.649799;-6.636010;,
        -8.399970;28.242699;-4.957270;,
        -6.918930;27.292700;-3.926280;,
        -7.488510;27.738699;-3.177890;,
        -8.399970;28.242699;-4.957270;,
        -7.488510;27.738699;-3.177890;,
        -9.349730;27.544699;-4.032130;,
        -8.399970;28.242699;-4.957270;,
        -9.349730;27.544699;-4.032130;,
        -9.675270;28.816599;-4.075290;,
        -8.847420;29.594398;-4.869160;,
        -8.399970;28.242699;-4.957270;,
        -9.675270;28.816599;-4.075290;,
        -9.675270;28.816599;-4.075290;,
        -8.824710;30.576500;-3.978330;,
        -8.847420;29.594398;-4.869160;,
        -8.824710;30.576500;-3.978330;,
        -7.793580;31.118700;-4.862370;,
        -8.847420;29.594398;-4.869160;,
        -8.847420;29.594398;-4.869160;,
        -7.793580;31.118700;-4.862370;,
        -6.759570;30.319399;-6.328520;,
        -7.793580;31.118700;-4.862370;,
        -6.294900;31.625399;-5.375410;,
        -6.759570;30.319399;-6.328520;,
        -6.294900;31.625399;-5.375410;,
        -7.793580;31.118700;-4.862370;,
        -6.322390;32.281399;-4.092680;,
        -9.349730;27.544699;-4.032130;,
        -7.488510;27.738699;-3.177890;,
        -8.256169;27.111399;-2.699040;,
        -9.349730;27.544699;-4.032130;,
        -10.175900;28.404799;-3.743210;,
        -9.675270;28.816599;-4.075290;,
        -10.175900;28.404799;-3.743210;,
        -9.936520;29.596300;-3.234260;,
        -9.675270;28.816599;-4.075290;,
        -9.936520;29.596300;-3.234260;,
        -8.824710;30.576500;-3.978330;,
        -9.675270;28.816599;-4.075290;,
        -9.936520;29.596300;-3.234260;,
        -8.560230;31.271500;-2.740550;,
        -8.824710;30.576500;-3.978330;,
        -7.439810;31.786798;-3.496190;,
        -8.824710;30.576500;-3.978330;,
        -8.560230;31.271500;-2.740550;,
        -7.793580;31.118700;-4.862370;,
        -8.824710;30.576500;-3.978330;,
        -7.439810;31.786798;-3.496190;,
        -6.322390;32.281399;-4.092680;,
        -7.793580;31.118700;-4.862370;,
        -7.439810;31.786798;-3.496190;,
        -6.322390;32.281399;-4.092680;,
        -7.439810;31.786798;-3.496190;,
        -5.865550;31.851200;-2.233250;,
        -5.865550;31.851200;-2.233250;,
        -5.685630;31.456900;-2.290350;,
        -6.322390;32.281399;-4.092680;,
        -5.865550;31.851200;-2.233250;,
        -4.278940;29.603600;-1.199800;,
        -5.685630;31.456900;-2.290350;,
        -10.652599;28.962200;-2.822470;,
        -9.936520;29.596300;-3.234260;,
        -10.175900;28.404799;-3.743210;,
        -10.652599;28.962200;-2.822470;,
        -9.768169;30.016298;-2.173210;,
        -9.936520;29.596300;-3.234260;,
        -9.768169;30.016298;-2.173210;,
        -9.924290;30.297899;-2.047520;,
        -9.936520;29.596300;-3.234260;,
        -9.924290;30.297899;-2.047520;,
        -8.560230;31.271500;-2.740550;,
        -9.936520;29.596300;-3.234260;,
        -9.924290;30.297899;-2.047520;,
        -8.842569;30.138300;-0.334337;,
        -8.560230;31.271500;-2.740550;,
        -8.560230;31.271500;-2.740550;,
        -8.842569;30.138300;-0.334337;,
        -7.491530;31.020899;-1.083110;,
        -7.491530;31.020899;-1.083110;,
        -6.598710;31.413002;-1.926030;,
        -8.560230;31.271500;-2.740550;,
        -8.560230;31.271500;-2.740550;,
        -6.598710;31.413002;-1.926030;,
        -7.439810;31.786798;-3.496190;,
        -5.865550;31.851200;-2.233250;,
        -7.439810;31.786798;-3.496190;,
        -6.598710;31.413002;-1.926030;,
        -6.598710;31.413002;-1.926030;,
        -5.641780;29.774899;-0.949556;,
        -5.865550;31.851200;-2.233250;,
        -5.865550;31.851200;-2.233250;,
        -5.641780;29.774899;-0.949556;,
        -4.278940;29.603600;-1.199800;,
        -10.673500;29.229500;-1.649740;,
        -9.768169;30.016298;-2.173210;,
        -10.652599;28.962200;-2.822470;,
        -9.479879;29.052898;-0.665571;,
        -9.768169;30.016298;-2.173210;,
        -10.673500;29.229500;-1.649740;,
        -8.568900;29.722198;-0.660463;,
        -9.768169;30.016298;-2.173210;,
        -9.479879;29.052898;-0.665571;,
        -9.768169;30.016298;-2.173210;,
        -8.568900;29.722198;-0.660463;,
        -9.924290;30.297899;-2.047520;,
        -9.924290;30.297899;-2.047520;,
        -8.568900;29.722198;-0.660463;,
        -8.842569;30.138300;-0.334337;,
        -8.568900;29.722198;-0.660463;,
        -7.565480;29.099400;-0.319345;,
        -8.842569;30.138300;-0.334337;,
        -8.842569;30.138300;-0.334337;,
        -7.565480;29.099400;-0.319345;,
        -7.207300;29.163700; 0.115174;,
        -8.842569;30.138300;-0.334337;,
        -7.207300;29.163700; 0.115174;,
        -7.491530;31.020899;-1.083110;,
        -7.491530;31.020899;-1.083110;,
        -7.207300;29.163700; 0.115174;,
        -6.345770;29.790600;-0.238138;,
        -5.641780;29.774899;-0.949556;,
        -7.491530;31.020899;-1.083110;,
        -6.345770;29.790600;-0.238138;,
        -6.598710;31.413002;-1.926030;,
        -7.491530;31.020899;-1.083110;,
        -5.641780;29.774899;-0.949556;,
        -8.369770;28.442499;-0.521031;,
        -8.568900;29.722198;-0.660463;,
        -9.479879;29.052898;-0.665571;,
        -7.565480;29.099400;-0.319345;,
        -8.568900;29.722198;-0.660463;,
        -8.369770;28.442499;-0.521031;,
        -7.503200;27.660599;-0.552485;,
        -7.565480;29.099400;-0.319345;,
        -8.369770;28.442499;-0.521031;,
        -6.632980;28.305199;-0.786439;,
        -7.565480;29.099400;-0.319345;,
        -7.503200;27.660599;-0.552485;,
        -6.632980;28.305199;-0.786439;,
        -7.207300;29.163700; 0.115174;,
        -7.565480;29.099400;-0.319345;,
        -6.111220;28.364002;-0.231495;,
        -7.207300;29.163700; 0.115174;,
        -6.632980;28.305199;-0.786439;,
        -6.111220;28.364002;-0.231495;,
        -6.345770;29.790600;-0.238138;,
        -7.207300;29.163700; 0.115174;,
        -6.345770;29.790600;-0.238138;,
        -6.111220;28.364002;-0.231495;,
        -5.641780;29.774899;-0.949556;,
        -5.641780;29.774899;-0.949556;,
        -6.111220;28.364002;-0.231495;,
        -5.557670;27.534599;-0.919423;,
        -5.641780;29.774899;-0.949556;,
        -5.557670;27.534599;-0.919423;,
        -4.278940;29.603600;-1.199800;,
        -4.278940;29.603600;-1.199800;,
        -5.557670;27.534599;-0.919423;,
        -5.142900;26.843300;-1.230420;,
        -5.804260;27.250099;-1.391850;,
        -5.142900;26.843300;-1.230420;,
        -5.557670;27.534599;-0.919423;,
        -5.705560;26.521700;-2.287470;,
        -5.142900;26.843300;-1.230420;,
        -5.804260;27.250099;-1.391850;,
        -6.632980;28.305199;-0.786439;,
        -7.503200;27.660599;-0.552485;,
        -6.728580;27.907598;-1.765760;,
        -6.728580;27.907598;-1.765760;,
        -5.804260;27.250099;-1.391850;,
        -6.632980;28.305199;-0.786439;,
        -5.804260;27.250099;-1.391850;,
        -6.111220;28.364002;-0.231495;,
        -6.632980;28.305199;-0.786439;,
        -6.111220;28.364002;-0.231495;,
        -5.804260;27.250099;-1.391850;,
        -5.557670;27.534599;-0.919423;,
        -6.728580;27.907598;-1.765760;,
        -7.503200;27.660599;-0.552485;,
        -7.511530;27.272400;-1.462540;,
        -7.511530;27.272400;-1.462540;,
        -7.488510;27.738699;-3.177890;,
        -6.728580;27.907598;-1.765760;,
        -7.488510;27.738699;-3.177890;,
        -6.390790;27.157299;-2.688340;,
        -6.728580;27.907598;-1.765760;,
        -6.390790;27.157299;-2.688340;,
        -5.804260;27.250099;-1.391850;,
        -6.728580;27.907598;-1.765760;,
        -6.390790;27.157299;-2.688340;,
        -5.705560;26.521700;-2.287470;,
        -5.804260;27.250099;-1.391850;,
        -5.969200;26.647600;-3.396740;,
        -5.705560;26.521700;-2.287470;,
        -6.390790;27.157299;-2.688340;,
        -6.390790;27.157299;-2.688340;,
        -6.918930;27.292700;-3.926280;,
        -5.969200;26.647600;-3.396740;,
        -5.969200;26.647600;-3.396740;,
        -6.918930;27.292700;-3.926280;,
        -6.177740;26.770300;-4.698920;,
        -8.256169;27.111399;-2.699040;,
        -7.488510;27.738699;-3.177890;,
        -7.511530;27.272400;-1.462540;,
        -6.918930;27.292700;-3.926280;,
        -6.390790;27.157299;-2.688340;,
        -7.488510;27.738699;-3.177890;,
        50.369400; 1.483590;-24.275799;,
        46.073097; 3.476070;-21.944500;,
        49.782200; 3.501530;-24.760599;,
        46.976200; 0.381133;-21.202799;,
        46.073097; 3.476070;-21.944500;,
        50.369400; 1.483590;-24.275799;,
        38.316498; 0.340319;-14.453400;,
        46.073097; 3.476070;-21.944500;,
        46.976200; 0.381133;-21.202799;,
        37.502899; 3.132410;-15.123500;,
        46.073097; 3.476070;-21.944500;,
        38.316498; 0.340319;-14.453400;,
        46.073097; 3.476070;-21.944500;,
        37.502899; 3.132410;-15.123500;,
        45.069298; 6.916190;-22.768900;,
        48.882004; 6.594660;-25.503700;,
        46.073097; 3.476070;-21.944500;,
        45.069298; 6.916190;-22.768900;,
        49.566399; 4.243060;-24.938700;,
        46.073097; 3.476070;-21.944500;,
        48.882004; 6.594660;-25.503700;,
        31.411200; 0.313010;-9.058470;,
        37.502899; 3.132410;-15.123500;,
        38.316498; 0.340319;-14.453400;,
        30.660900; 2.891210;-9.677890;,
        37.502899; 3.132410;-15.123500;,
        31.411200; 0.313010;-9.058470;,
        37.502899; 3.132410;-15.123500;,
        30.660900; 2.891210;-9.677890;,
        36.658600; 6.029870;-15.818800;,
        45.069298; 6.916190;-22.768900;,
        37.502899; 3.132410;-15.123500;,
        36.658600; 6.029870;-15.818800;,
        25.773800; 0.177116;-4.440660;,
        30.660900; 2.891210;-9.677890;,
        31.411200; 0.313010;-9.058470;,
        25.173000; 2.480900;-4.923880;,
        30.660900; 2.891210;-9.677890;,
        25.773800; 0.177116;-4.440660;,
        24.610899; 4.636420;-5.647130;,
        30.660900; 2.891210;-9.677890;,
        25.173000; 2.480900;-4.923880;,
        29.923698; 5.424080;-10.286400;,
        30.660900; 2.891210;-9.677890;,
        24.610899; 4.636420;-5.647130;,
        36.658600; 6.029870;-15.818800;,
        30.660900; 2.891210;-9.677890;,
        29.923698; 5.424080;-10.286400;,
        22.205900; 0.026898;-0.990717;,
        25.173000; 2.480900;-4.923880;,
        25.773800; 0.177116;-4.440660;,
        20.619699; 2.443170;-1.280120;,
        25.173000; 2.480900;-4.923880;,
        22.205900; 0.026898;-0.990717;,
        25.173000; 2.480900;-4.923880;,
        20.619699; 2.443170;-1.280120;,
        24.610899; 4.636420;-5.647130;,
        24.610899; 4.636420;-5.647130;,
        20.619699; 2.443170;-1.280120;,
        19.162001; 4.305610;-1.598840;,
         0.305350;29.739100;11.651600;,
         3.697430;28.839499;16.549400;,
         0.256927;28.211000;16.577400;,
         3.842490;29.983900;11.642400;,
         3.697430;28.839499;16.549400;,
         0.305350;29.739100;11.651600;,
         3.842490;29.983900;11.642400;,
         7.424980;29.697001;16.458099;,
         3.697430;28.839499;16.549400;,
         0.347314;31.359098; 6.042090;,
         3.842490;29.983900;11.642400;,
         0.305350;29.739100;11.651600;,
         4.519130;32.346397; 5.077270;,
         3.842490;29.983900;11.642400;,
         0.347314;31.359098; 6.042090;,
         4.519130;32.346397; 5.077270;,
         8.415160;30.479700;11.381900;,
         3.842490;29.983900;11.642400;,
         8.415160;30.479700;11.381900;,
         7.424980;29.697001;16.458099;,
         3.842490;29.983900;11.642400;,
         9.742240;30.708500;13.817900;,
         7.424980;29.697001;16.458099;,
         8.415160;30.479700;11.381900;,
         9.742240;30.708500;13.817900;,
        11.628600;32.264801;16.553699;,
         7.424980;29.697001;16.458099;,
         7.424980;29.697001;16.458099;,
        11.628600;32.264801;16.553699;,
         7.762400;31.407200;19.575199;,
         3.492790;29.044001;19.142000;,
         7.424980;29.697001;16.458099;,
         7.762400;31.407200;19.575199;,
         3.697430;28.839499;16.549400;,
         7.424980;29.697001;16.458099;,
         3.492790;29.044001;19.142000;,
         3.697430;28.839499;16.549400;,
         3.492790;29.044001;19.142000;,
         0.256927;28.211000;16.577400;,
         8.950920;32.323700; 6.152930;,
         8.415160;30.479700;11.381900;,
         4.519130;32.346397; 5.077270;,
        12.491699;32.770699; 7.563140;,
         8.415160;30.479700;11.381900;,
         8.950920;32.323700; 6.152930;,
        11.549001;31.446299;11.630400;,
         8.415160;30.479700;11.381900;,
        12.491699;32.770699; 7.563140;,
         8.415160;30.479700;11.381900;,
        11.549001;31.446299;11.630400;,
         9.742240;30.708500;13.817900;,
        11.549001;31.446299;11.630400;,
        13.837500;33.179897;13.397200;,
         9.742240;30.708500;13.817900;,
         9.742240;30.708500;13.817900;,
        13.837500;33.179897;13.397200;,
        11.628600;32.264801;16.553699;,
        11.628600;32.264801;16.553699;,
        13.837500;33.179897;13.397200;,
        12.615399;34.628399;18.208900;,
        12.615399;34.628399;18.208900;,
         8.774720;33.659901;20.857599;,
        11.628600;32.264801;16.553699;,
        11.628600;32.264801;16.553699;,
         8.774720;33.659901;20.857599;,
         7.762400;31.407200;19.575199;,
         4.519130;32.346397; 5.077270;,
         9.043859;33.892700; 2.479240;,
         8.950920;32.323700; 6.152930;,
         9.043859;33.892700; 2.479240;,
        12.548699;34.590099; 3.234540;,
         8.950920;32.323700; 6.152930;,
         8.950920;32.323700; 6.152930;,
        12.548699;34.590099; 3.234540;,
        12.491699;32.770699; 7.563140;,
        12.548699;34.590099; 3.234540;,
        16.230299;36.178799; 4.624220;,
        12.491699;32.770699; 7.563140;,
        12.491699;32.770699; 7.563140;,
        16.230299;36.178799; 4.624220;,
        15.582299;34.439301; 9.566460;,
        15.582299;34.439301; 9.566460;,
        11.549001;31.446299;11.630400;,
        12.491699;32.770699; 7.563140;,
        13.837500;33.179897;13.397200;,
        11.549001;31.446299;11.630400;,
        15.582299;34.439301; 9.566460;,
        16.583000;37.821198;11.221200;,
        13.837500;33.179897;13.397200;,
        15.582299;34.439301; 9.566460;,
        14.711200;36.313297;15.076099;,
        13.837500;33.179897;13.397200;,
        16.583000;37.821198;11.221200;,
        12.615399;34.628399;18.208900;,
        13.837500;33.179897;13.397200;,
        14.711200;36.313297;15.076099;,
         5.406970;33.945297; 2.326090;,
         9.043859;33.892700; 2.479240;,
         4.519130;32.346397; 5.077270;,
         4.869250;34.790897; 0.119382;,
         9.043859;33.892700; 2.479240;,
         5.406970;33.945297; 2.326090;,
         7.759870;36.431801;-1.760010;,
         9.043859;33.892700; 2.479240;,
         4.869250;34.790897; 0.119382;,
        11.399700;36.714600;-0.801406;,
         9.043859;33.892700; 2.479240;,
         7.759870;36.431801;-1.760010;,
        12.548699;34.590099; 3.234540;,
         9.043859;33.892700; 2.479240;,
        11.399700;36.714600;-0.801406;,
        15.288099;38.488400;-0.035480;,
        12.548699;34.590099; 3.234540;,
        11.399700;36.714600;-0.801406;,
        16.230299;36.178799; 4.624220;,
        12.548699;34.590099; 3.234540;,
        15.288099;38.488400;-0.035480;,
        15.288099;38.488400;-0.035480;,
        18.088100;39.694500; 5.496360;,
        16.230299;36.178799; 4.624220;,
        18.088100;39.694500; 5.496360;,
        16.583000;37.821198;11.221200;,
        16.230299;36.178799; 4.624220;,
        16.230299;36.178799; 4.624220;,
        16.583000;37.821198;11.221200;,
        15.582299;34.439301; 9.566460;,
         2.879070;35.347900;-1.203030;,
         7.759870;36.431801;-1.760010;,
         4.869250;34.790897; 0.119382;,
         3.746890;37.747898;-4.791070;,
         7.759870;36.431801;-1.760010;,
         2.879070;35.347900;-1.203030;,
         3.746890;37.747898;-4.791070;,
         4.782760;40.818600;-6.384350;,
         7.759870;36.431801;-1.760010;,
         7.759870;36.431801;-1.760010;,
         4.782760;40.818600;-6.384350;,
        11.136399;40.125298;-3.772930;,
        11.399700;36.714600;-0.801406;,
         7.759870;36.431801;-1.760010;,
        11.136399;40.125298;-3.772930;,
        11.399700;36.714600;-0.801406;,
        11.136399;40.125298;-3.772930;,
        15.288099;38.488400;-0.035480;,
        11.136399;40.125298;-3.772930;,
        12.592199;44.532200;-4.013660;,
        15.288099;38.488400;-0.035480;,
        15.288099;38.488400;-0.035480;,
        12.592199;44.532200;-4.013660;,
        17.263300;41.694099; 0.682592;,
        17.263300;41.694099; 0.682592;,
        18.088100;39.694500; 5.496360;,
        15.288099;38.488400;-0.035480;,
         2.879070;35.347900;-1.203030;,
         0.368556;35.701797;-1.865910;,
         3.746890;37.747898;-4.791070;,
         3.746890;37.747898;-4.791070;,
         0.368556;35.701797;-1.865910;,
         0.453812;37.997799;-5.505340;,
         3.746890;37.747898;-4.791070;,
         0.453812;37.997799;-5.505340;,
         4.782760;40.818600;-6.384350;,
         4.782760;40.818600;-6.384350;,
         0.453812;37.997799;-5.505340;,
         0.454248;41.090000;-7.319500;,
         0.454248;41.090000;-7.319500;,
         0.427043;46.428898;-8.115129;,
         4.782760;40.818600;-6.384350;,
         4.782760;40.818600;-6.384350;,
         0.427043;46.428898;-8.115129;,
         6.197380;45.965199;-6.871130;,
         4.782760;40.818600;-6.384350;,
         6.197380;45.965199;-6.871130;,
        11.136399;40.125298;-3.772930;,
        11.136399;40.125298;-3.772930;,
         6.197380;45.965199;-6.871130;,
        12.592199;44.532200;-4.013660;,
         6.197380;45.965199;-6.871130;,
         6.819120;50.657001;-6.164001;,
        12.592199;44.532200;-4.013660;,
        12.592199;44.532200;-4.013660;,
         6.819120;50.657001;-6.164001;,
        13.469500;50.043198;-2.799810;,
        13.469500;50.043198;-2.799810;,
        17.263300;41.694099; 0.682592;,
        12.592199;44.532200;-4.013660;,
        18.462500;48.673599; 2.710310;,
        17.263300;41.694099; 0.682592;,
        13.469500;50.043198;-2.799810;,
        17.263300;41.694099; 0.682592;,
        18.462500;48.673599; 2.710310;,
        17.844099;41.891701; 6.145300;,
        18.088100;39.694500; 5.496360;,
        17.263300;41.694099; 0.682592;,
        17.844099;41.891701; 6.145300;,
         0.427043;46.428898;-8.115129;,
         0.384757;51.212200;-7.330790;,
         6.197380;45.965199;-6.871130;,
         6.197380;45.965199;-6.871130;,
         0.384757;51.212200;-7.330790;,
         6.819120;50.657001;-6.164001;,
         0.384757;51.212200;-7.330790;,
         7.060980;56.789600;-4.516450;,
         6.819120;50.657001;-6.164001;,
         7.060980;56.789600;-4.516450;,
        13.469500;50.043198;-2.799810;,
         6.819120;50.657001;-6.164001;,
        13.891001;55.655003;-1.314370;,
        13.469500;50.043198;-2.799810;,
         7.060980;56.789600;-4.516450;,
        13.891001;55.655003;-1.314370;,
        17.844200;48.994099; 2.796700;,
        13.469500;50.043198;-2.799810;,
        17.844200;48.994099; 2.796700;,
        18.462500;48.673599; 2.710310;,
        13.469500;50.043198;-2.799810;,
        17.844200;48.994099; 2.796700;,
        18.529400;47.451298; 7.418360;,
        18.462500;48.673599; 2.710310;,
        18.462500;48.673599; 2.710310;,
        18.529400;47.451298; 7.418360;,
        19.153799;47.191299; 7.349250;,
        17.844099;41.891701; 6.145300;,
        18.462500;48.673599; 2.710310;,
        19.153799;47.191299; 7.349250;,
         0.325595;57.523197;-6.014280;,
         7.060980;56.789600;-4.516450;,
         0.384757;51.212200;-7.330790;,
         7.060980;56.789600;-4.516450;,
         0.325595;57.523197;-6.014280;,
         7.030390;62.036499;-2.053500;,
         7.030390;62.036499;-2.053500;,
        13.891001;55.655003;-1.314370;,
         7.060980;56.789600;-4.516450;,
        13.988700;60.669300; 0.826084;,
        13.891001;55.655003;-1.314370;,
         7.030390;62.036499;-2.053500;,
        13.988700;60.669300; 0.826084;,
        17.910000;58.703400; 5.568910;,
        13.891001;55.655003;-1.314370;,
        13.891001;55.655003;-1.314370;,
        17.910000;58.703400; 5.568910;,
        18.280399;54.069500; 4.424460;,
        18.280399;54.069500; 4.424460;,
        17.844200;48.994099; 2.796700;,
        13.891001;55.655003;-1.314370;,
        18.280399;54.069500; 4.424460;,
        18.529400;47.451298; 7.418360;,
        17.844200;48.994099; 2.796700;,
         7.030390;62.036499;-2.053500;,
         0.325595;57.523197;-6.014280;,
         0.361512;62.674698;-3.252510;,
        17.910000;58.703400; 5.568910;,
        13.988700;60.669300; 0.826084;,
        13.987300;61.601700; 4.952210;,
        13.509800;60.760300;10.587200;,
        17.910000;58.703400; 5.568910;,
        13.987300;61.601700; 4.952210;,
        18.678001;57.190598;10.603700;,
        17.910000;58.703400; 5.568910;,
        13.509800;60.760300;10.587200;,
        18.927799;52.768600; 8.962910;,
        17.910000;58.703400; 5.568910;,
        18.678001;57.190598;10.603700;,
        18.280399;54.069500; 4.424460;,
        17.910000;58.703400; 5.568910;,
        18.927799;52.768600; 8.962910;,
        18.927799;52.768600; 8.962910;,
        18.529400;47.451298; 7.418360;,
        18.280399;54.069500; 4.424460;,
        18.927799;52.768600; 8.962910;,
        16.975899;50.534599;14.616500;,
        18.529400;47.451298; 7.418360;,
        18.529400;47.451298; 7.418360;,
        16.975899;50.534599;14.616500;,
        16.862799;45.359497;12.852600;,
        17.500000;45.047199;12.752299;,
        18.529400;47.451298; 7.418360;,
        16.862799;45.359497;12.852600;,
        19.153799;47.191299; 7.349250;,
        18.529400;47.451298; 7.418360;,
        17.500000;45.047199;12.752299;,
        13.509800;60.760300;10.587200;,
        17.172899;55.469898;15.713200;,
        18.678001;57.190598;10.603700;,
        18.678001;57.190598;10.603700;,
        17.172899;55.469898;15.713200;,
        18.927799;52.768600; 8.962910;,
        18.927799;52.768600; 8.962910;,
        17.172899;55.469898;15.713200;,
        16.975899;50.534599;14.616500;,
        14.487000;53.994900;20.073299;,
        16.975899;50.534599;14.616500;,
        17.172899;55.469898;15.713200;,
        14.141600;49.021099;18.402300;,
        16.975899;50.534599;14.616500;,
        14.487000;53.994900;20.073299;,
        14.141600;49.021099;18.402300;,
        16.862799;45.359497;12.852600;,
        16.975899;50.534599;14.616500;,
        14.356700;43.952499;16.064001;,
        16.862799;45.359497;12.852600;,
        14.141600;49.021099;18.402300;,
        14.356700;43.952499;16.064001;,
        17.500000;45.047199;12.752299;,
        16.862799;45.359497;12.852600;,
        17.500000;45.047199;12.752299;,
        14.356700;43.952499;16.064001;,
        16.521000;40.296398;11.804001;,
        16.521000;40.296398;11.804001;,
        17.844099;41.891701; 6.145300;,
        17.500000;45.047199;12.752299;,
        17.500000;45.047199;12.752299;,
        17.844099;41.891701; 6.145300;,
        19.153799;47.191299; 7.349250;,
        12.732000;59.015400;16.192900;,
        17.172899;55.469898;15.713200;,
        13.509800;60.760300;10.587200;,
        12.732000;59.015400;16.192900;,
        14.487000;53.994900;20.073299;,
        17.172899;55.469898;15.713200;,
        11.754700;56.990700;20.929800;,
